PRICE0,PRICE1,PRICE5,PRICE10,SALES0_0,SALES0_1,SALES0_5,SALES0_10,SALES1_0,SALES1_1,SALES1_5,SALES1_10,SALES5_0,SALES5_1,SALES5_5,SALES5_10,SALES10_0,SALES10_1,SALES10_5,SALES10_10
4.9100582394,4.9100582394,4.9100582394,4.9100582394,94.6394028414,94.6394028414,94.6394028414,94.6394028414,94.6394028414,94.6394028414,94.6394028414,94.6394028414,94.6394028414,94.6394028414,94.6394028414,94.6394028414,94.6394028414,94.6394028414,94.6394028414,94.6394028414
3.2165313191,3.2165313191,3.2165313191,3.2165313191,97.3021242357,97.3021242357,97.3021242357,97.3021242357,97.3021242357,97.3021242357,97.3021242357,97.3021242357,97.3021242357,97.3021242357,97.3021242357,97.3021242357,97.3021242357,97.3021242357,97.3021242357,97.3021242357
5.9782820188,6.9782820188,10.9782820188,15.9782820188,94.5051232225,93.5051232225,89.5051232225,84.5051232225,95.5051232225,94.5051232225,90.5051232225,85.5051232225,99.5051232225,98.5051232225,94.5051232225,89.5051232225,104.5051232225,103.5051232225,99.5051232225,94.5051232225
4.0427849328,4.0427849328,4.0427849328,4.0427849328,96.1056077393,96.1056077393,96.1056077393,96.1056077393,96.1056077393,96.1056077393,96.1056077393,96.1056077393,96.1056077393,96.1056077393,96.1056077393,96.1056077393,96.1056077393,96.1056077393,96.1056077393,96.1056077393
4.0176616757,4.0176616757,4.0176616757,4.0176616757,95.1233362426,95.1233362426,95.1233362426,95.1233362426,95.1233362426,95.1233362426,95.1233362426,95.1233362426,95.1233362426,95.1233362426,95.1233362426,95.1233362426,95.1233362426,95.1233362426,95.1233362426,95.1233362426
6.1079700538,6.1079700538,6.1079700538,6.1079700538,94.5430807111,94.5430807111,94.5430807111,94.5430807111,94.5430807111,94.5430807111,94.5430807111,94.5430807111,94.5430807111,94.5430807111,94.5430807111,94.5430807111,94.5430807111,94.5430807111,94.5430807111,94.5430807111
4.6745646355,4.6745646355,4.6745646355,4.6745646355,94.594193219,94.594193219,94.594193219,94.594193219,94.594193219,94.594193219,94.594193219,94.594193219,94.594193219,94.594193219,94.594193219,94.594193219,94.594193219,94.594193219,94.594193219,94.594193219
5.6271678661,5.6271678661,5.6271678661,5.6271678661,94.3104506823,94.3104506823,94.3104506823,94.3104506823,94.3104506823,94.3104506823,94.3104506823,94.3104506823,94.3104506823,94.3104506823,94.3104506823,94.3104506823,94.3104506823,94.3104506823,94.3104506823,94.3104506823
3.6441295392,3.6441295392,3.6441295392,3.6441295392,97.0007610051,97.0007610051,97.0007610051,97.0007610051,97.0007610051,97.0007610051,97.0007610051,97.0007610051,97.0007610051,97.0007610051,97.0007610051,97.0007610051,97.0007610051,97.0007610051,97.0007610051,97.0007610051
4.4172628643,4.4172628643,4.4172628643,4.4172628643,95.9872367722,95.9872367722,95.9872367722,95.9872367722,95.9872367722,95.9872367722,95.9872367722,95.9872367722,95.9872367722,95.9872367722,95.9872367722,95.9872367722,95.9872367722,95.9872367722,95.9872367722,95.9872367722
3.7341872402,3.7341872402,3.7341872402,3.7341872402,96.8275516045,96.8275516045,96.8275516045,96.8275516045,96.8275516045,96.8275516045,96.8275516045,96.8275516045,96.8275516045,96.8275516045,96.8275516045,96.8275516045,96.8275516045,96.8275516045,96.8275516045,96.8275516045
5.0884675335,5.0884675335,5.0884675335,5.0884675335,94.4112376556,94.4112376556,94.4112376556,94.4112376556,94.4112376556,94.4112376556,94.4112376556,94.4112376556,94.4112376556,94.4112376556,94.4112376556,94.4112376556,94.4112376556,94.4112376556,94.4112376556,94.4112376556
5.2732386924,5.2732386924,5.2732386924,5.2732386924,94.7196007197,94.7196007197,94.7196007197,94.7196007197,94.7196007197,94.7196007197,94.7196007197,94.7196007197,94.7196007197,94.7196007197,94.7196007197,94.7196007197,94.7196007197,94.7196007197,94.7196007197,94.7196007197
5.2614366484,5.2614366484,5.2614366484,5.2614366484,94.1915656531,94.1915656531,94.1915656531,94.1915656531,94.1915656531,94.1915656531,94.1915656531,94.1915656531,94.1915656531,94.1915656531,94.1915656531,94.1915656531,94.1915656531,94.1915656531,94.1915656531,94.1915656531
5.2648435337,5.2648435337,5.2648435337,5.2648435337,94.5673401728,94.5673401728,94.5673401728,94.5673401728,94.5673401728,94.5673401728,94.5673401728,94.5673401728,94.5673401728,94.5673401728,94.5673401728,94.5673401728,94.5673401728,94.5673401728,94.5673401728,94.5673401728
4.9577495862,4.9577495862,4.9577495862,4.9577495862,95.5457597378,95.5457597378,95.5457597378,95.5457597378,95.5457597378,95.5457597378,95.5457597378,95.5457597378,95.5457597378,95.5457597378,95.5457597378,95.5457597378,95.5457597378,95.5457597378,95.5457597378,95.5457597378
3.1491378782,3.1491378782,3.1491378782,3.1491378782,97.1619422543,97.1619422543,97.1619422543,97.1619422543,97.1619422543,97.1619422543,97.1619422543,97.1619422543,97.1619422543,97.1619422543,97.1619422543,97.1619422543,97.1619422543,97.1619422543,97.1619422543,97.1619422543
5.0898903244,6.0898903244,10.0898903244,15.0898903244,94.66572613,93.66572613,89.66572613,84.66572613,95.66572613,94.66572613,90.66572613,85.66572613,99.66572613,98.66572613,94.66572613,89.66572613,104.66572613,103.66572613,99.66572613,94.66572613
5.9258648416,5.9258648416,5.9258648416,5.9258648416,94.2869367555,94.2869367555,94.2869367555,94.2869367555,94.2869367555,94.2869367555,94.2869367555,94.2869367555,94.2869367555,94.2869367555,94.2869367555,94.2869367555,94.2869367555,94.2869367555,94.2869367555,94.2869367555
5.0216394366,5.0216394366,5.0216394366,5.0216394366,94.909108398,94.909108398,94.909108398,94.909108398,94.909108398,94.909108398,94.909108398,94.909108398,94.909108398,94.909108398,94.909108398,94.909108398,94.909108398,94.909108398,94.909108398,94.909108398
4.1294185598,4.1294185598,4.1294185598,4.1294185598,96.1359311673,96.1359311673,96.1359311673,96.1359311673,96.1359311673,96.1359311673,96.1359311673,96.1359311673,96.1359311673,96.1359311673,96.1359311673,96.1359311673,96.1359311673,96.1359311673,96.1359311673,96.1359311673
5.3743526617,5.3743526617,5.3743526617,5.3743526617,94.8226214538,94.8226214538,94.8226214538,94.8226214538,94.8226214538,94.8226214538,94.8226214538,94.8226214538,94.8226214538,94.8226214538,94.8226214538,94.8226214538,94.8226214538,94.8226214538,94.8226214538,94.8226214538
5.103735295,5.103735295,5.103735295,5.103735295,94.9205407801,94.9205407801,94.9205407801,94.9205407801,94.9205407801,94.9205407801,94.9205407801,94.9205407801,94.9205407801,94.9205407801,94.9205407801,94.9205407801,94.9205407801,94.9205407801,94.9205407801,94.9205407801
5.3898099784,5.3898099784,5.3898099784,5.3898099784,93.5929509059,93.5929509059,93.5929509059,93.5929509059,93.5929509059,93.5929509059,93.5929509059,93.5929509059,93.5929509059,93.5929509059,93.5929509059,93.5929509059,93.5929509059,93.5929509059,93.5929509059,93.5929509059
5.0570449948,5.0570449948,5.0570449948,5.0570449948,94.2455709648,94.2455709648,94.2455709648,94.2455709648,94.2455709648,94.2455709648,94.2455709648,94.2455709648,94.2455709648,94.2455709648,94.2455709648,94.2455709648,94.2455709648,94.2455709648,94.2455709648,94.2455709648
4.3822361157,4.3822361157,4.3822361157,4.3822361157,95.820638315,95.820638315,95.820638315,95.820638315,95.820638315,95.820638315,95.820638315,95.820638315,95.820638315,95.820638315,95.820638315,95.820638315,95.820638315,95.820638315,95.820638315,95.820638315
4.2881364919,4.2881364919,4.2881364919,4.2881364919,96.4788344938,96.4788344938,96.4788344938,96.4788344938,96.4788344938,96.4788344938,96.4788344938,96.4788344938,96.4788344938,96.4788344938,96.4788344938,96.4788344938,96.4788344938,96.4788344938,96.4788344938,96.4788344938
4.7024581657,4.7024581657,4.7024581657,4.7024581657,95.4119472935,95.4119472935,95.4119472935,95.4119472935,95.4119472935,95.4119472935,95.4119472935,95.4119472935,95.4119472935,95.4119472935,95.4119472935,95.4119472935,95.4119472935,95.4119472935,95.4119472935,95.4119472935
2.3059602891,2.3059602891,2.3059602891,2.3059602891,98.076950778,98.076950778,98.076950778,98.076950778,98.076950778,98.076950778,98.076950778,98.076950778,98.076950778,98.076950778,98.076950778,98.076950778,98.076950778,98.076950778,98.076950778,98.076950778
4.2435870776,4.2435870776,4.2435870776,4.2435870776,95.2557540492,95.2557540492,95.2557540492,95.2557540492,95.2557540492,95.2557540492,95.2557540492,95.2557540492,95.2557540492,95.2557540492,95.2557540492,95.2557540492,95.2557540492,95.2557540492,95.2557540492,95.2557540492
5.7112970116,5.7112970116,5.7112970116,5.7112970116,94.4409347196,94.4409347196,94.4409347196,94.4409347196,94.4409347196,94.4409347196,94.4409347196,94.4409347196,94.4409347196,94.4409347196,94.4409347196,94.4409347196,94.4409347196,94.4409347196,94.4409347196,94.4409347196
3.9703388508,3.9703388508,3.9703388508,3.9703388508,95.5508588179,95.5508588179,95.5508588179,95.5508588179,95.5508588179,95.5508588179,95.5508588179,95.5508588179,95.5508588179,95.5508588179,95.5508588179,95.5508588179,95.5508588179,95.5508588179,95.5508588179,95.5508588179
5.0601723774,5.0601723774,5.0601723774,5.0601723774,94.7801235206,94.7801235206,94.7801235206,94.7801235206,94.7801235206,94.7801235206,94.7801235206,94.7801235206,94.7801235206,94.7801235206,94.7801235206,94.7801235206,94.7801235206,94.7801235206,94.7801235206,94.7801235206
4.908143893,4.908143893,4.908143893,4.908143893,94.6057070406,94.6057070406,94.6057070406,94.6057070406,94.6057070406,94.6057070406,94.6057070406,94.6057070406,94.6057070406,94.6057070406,94.6057070406,94.6057070406,94.6057070406,94.6057070406,94.6057070406,94.6057070406
4.7821908508,4.7821908508,4.7821908508,4.7821908508,96.7345191918,96.7345191918,96.7345191918,96.7345191918,96.7345191918,96.7345191918,96.7345191918,96.7345191918,96.7345191918,96.7345191918,96.7345191918,96.7345191918,96.7345191918,96.7345191918,96.7345191918,96.7345191918
4.2112060637,4.2112060637,4.2112060637,4.2112060637,96.5335599834,96.5335599834,96.5335599834,96.5335599834,96.5335599834,96.5335599834,96.5335599834,96.5335599834,96.5335599834,96.5335599834,96.5335599834,96.5335599834,96.5335599834,96.5335599834,96.5335599834,96.5335599834
6.6840792719,6.6840792719,6.6840792719,6.6840792719,92.4910100806,92.4910100806,92.4910100806,92.4910100806,92.4910100806,92.4910100806,92.4910100806,92.4910100806,92.4910100806,92.4910100806,92.4910100806,92.4910100806,92.4910100806,92.4910100806,92.4910100806,92.4910100806
5.1820792885,5.1820792885,5.1820792885,5.1820792885,94.4496297932,94.4496297932,94.4496297932,94.4496297932,94.4496297932,94.4496297932,94.4496297932,94.4496297932,94.4496297932,94.4496297932,94.4496297932,94.4496297932,94.4496297932,94.4496297932,94.4496297932,94.4496297932
5.3175122425,6.3175122425,10.3175122425,15.3175122425,94.845167232,93.845167232,89.845167232,84.845167232,95.845167232,94.845167232,90.845167232,85.845167232,99.845167232,98.845167232,94.845167232,89.845167232,104.845167232,103.845167232,99.845167232,94.845167232
2.7501525813,2.7501525813,2.7501525813,2.7501525813,97.0572430308,97.0572430308,97.0572430308,97.0572430308,97.0572430308,97.0572430308,97.0572430308,97.0572430308,97.0572430308,97.0572430308,97.0572430308,97.0572430308,97.0572430308,97.0572430308,97.0572430308,97.0572430308
4.6134178689,4.6134178689,4.6134178689,4.6134178689,95.7885903565,95.7885903565,95.7885903565,95.7885903565,95.7885903565,95.7885903565,95.7885903565,95.7885903565,95.7885903565,95.7885903565,95.7885903565,95.7885903565,95.7885903565,95.7885903565,95.7885903565,95.7885903565
4.6505458601,4.6505458601,4.6505458601,4.6505458601,95.3074767083,95.3074767083,95.3074767083,95.3074767083,95.3074767083,95.3074767083,95.3074767083,95.3074767083,95.3074767083,95.3074767083,95.3074767083,95.3074767083,95.3074767083,95.3074767083,95.3074767083,95.3074767083
4.9832445124,4.9832445124,4.9832445124,4.9832445124,95.7043365738,95.7043365738,95.7043365738,95.7043365738,95.7043365738,95.7043365738,95.7043365738,95.7043365738,95.7043365738,95.7043365738,95.7043365738,95.7043365738,95.7043365738,95.7043365738,95.7043365738,95.7043365738
2.5636452588,2.5636452588,2.5636452588,2.5636452588,97.0400212869,97.0400212869,97.0400212869,97.0400212869,97.0400212869,97.0400212869,97.0400212869,97.0400212869,97.0400212869,97.0400212869,97.0400212869,97.0400212869,97.0400212869,97.0400212869,97.0400212869,97.0400212869
5.4799994225,5.4799994225,5.4799994225,5.4799994225,94.5054070487,94.5054070487,94.5054070487,94.5054070487,94.5054070487,94.5054070487,94.5054070487,94.5054070487,94.5054070487,94.5054070487,94.5054070487,94.5054070487,94.5054070487,94.5054070487,94.5054070487,94.5054070487
5.2701732548,5.2701732548,5.2701732548,5.2701732548,95.5255326258,95.5255326258,95.5255326258,95.5255326258,95.5255326258,95.5255326258,95.5255326258,95.5255326258,95.5255326258,95.5255326258,95.5255326258,95.5255326258,95.5255326258,95.5255326258,95.5255326258,95.5255326258
3.2269971423,3.2269971423,3.2269971423,3.2269971423,96.4158046797,96.4158046797,96.4158046797,96.4158046797,96.4158046797,96.4158046797,96.4158046797,96.4158046797,96.4158046797,96.4158046797,96.4158046797,96.4158046797,96.4158046797,96.4158046797,96.4158046797,96.4158046797
5.6440720062,5.6440720062,5.6440720062,5.6440720062,93.679809408,93.679809408,93.679809408,93.679809408,93.679809408,93.679809408,93.679809408,93.679809408,93.679809408,93.679809408,93.679809408,93.679809408,93.679809408,93.679809408,93.679809408,93.679809408
6.6648768524,6.6648768524,6.6648768524,6.6648768524,93.5715361827,93.5715361827,93.5715361827,93.5715361827,93.5715361827,93.5715361827,93.5715361827,93.5715361827,93.5715361827,93.5715361827,93.5715361827,93.5715361827,93.5715361827,93.5715361827,93.5715361827,93.5715361827
3.9877562149,3.9877562149,3.9877562149,3.9877562149,96.4280769516,96.4280769516,96.4280769516,96.4280769516,96.4280769516,96.4280769516,96.4280769516,96.4280769516,96.4280769516,96.4280769516,96.4280769516,96.4280769516,96.4280769516,96.4280769516,96.4280769516,96.4280769516
5.9072419046,6.9072419046,10.9072419046,15.9072419046,94.6894981065,93.6894981065,89.6894981065,84.6894981065,95.6894981065,94.6894981065,90.6894981065,85.6894981065,99.6894981065,98.6894981065,94.6894981065,89.6894981065,104.6894981065,103.6894981065,99.6894981065,94.6894981065
4.7914469327,4.7914469327,4.7914469327,4.7914469327,94.8928200808,94.8928200808,94.8928200808,94.8928200808,94.8928200808,94.8928200808,94.8928200808,94.8928200808,94.8928200808,94.8928200808,94.8928200808,94.8928200808,94.8928200808,94.8928200808,94.8928200808,94.8928200808
6.8243227892,6.8243227892,6.8243227892,6.8243227892,93.5557075448,93.5557075448,93.5557075448,93.5557075448,93.5557075448,93.5557075448,93.5557075448,93.5557075448,93.5557075448,93.5557075448,93.5557075448,93.5557075448,93.5557075448,93.5557075448,93.5557075448,93.5557075448
4.2449098569,5.2449098569,9.2449098569,14.2449098569,95.6784416884,94.6784416884,90.6784416884,85.6784416884,96.6784416884,95.6784416884,91.6784416884,86.6784416884,100.6784416884,99.6784416884,95.6784416884,90.6784416884,105.6784416884,104.6784416884,100.6784416884,95.6784416884
5.6718555371,6.6718555371,10.6718555371,15.6718555371,94.7668918471,93.7668918471,89.7668918471,84.7668918471,95.7668918471,94.7668918471,90.7668918471,85.7668918471,99.7668918471,98.7668918471,94.7668918471,89.7668918471,104.7668918471,103.7668918471,99.7668918471,94.7668918471
6.1175357256,6.1175357256,6.1175357256,6.1175357256,94.0794930576,94.0794930576,94.0794930576,94.0794930576,94.0794930576,94.0794930576,94.0794930576,94.0794930576,94.0794930576,94.0794930576,94.0794930576,94.0794930576,94.0794930576,94.0794930576,94.0794930576,94.0794930576
5.0765129626,5.0765129626,5.0765129626,5.0765129626,95.1629835715,95.1629835715,95.1629835715,95.1629835715,95.1629835715,95.1629835715,95.1629835715,95.1629835715,95.1629835715,95.1629835715,95.1629835715,95.1629835715,95.1629835715,95.1629835715,95.1629835715,95.1629835715
4.5133011941,4.5133011941,4.5133011941,4.5133011941,95.4673357377,95.4673357377,95.4673357377,95.4673357377,95.4673357377,95.4673357377,95.4673357377,95.4673357377,95.4673357377,95.4673357377,95.4673357377,95.4673357377,95.4673357377,95.4673357377,95.4673357377,95.4673357377
6.2503975284,6.2503975284,6.2503975284,6.2503975284,94.3875935138,94.3875935138,94.3875935138,94.3875935138,94.3875935138,94.3875935138,94.3875935138,94.3875935138,94.3875935138,94.3875935138,94.3875935138,94.3875935138,94.3875935138,94.3875935138,94.3875935138,94.3875935138
4.9748113537,4.9748113537,4.9748113537,4.9748113537,95.1679495718,95.1679495718,95.1679495718,95.1679495718,95.1679495718,95.1679495718,95.1679495718,95.1679495718,95.1679495718,95.1679495718,95.1679495718,95.1679495718,95.1679495718,95.1679495718,95.1679495718,95.1679495718
5.1112667344,5.1112667344,5.1112667344,5.1112667344,94.3317073462,94.3317073462,94.3317073462,94.3317073462,94.3317073462,94.3317073462,94.3317073462,94.3317073462,94.3317073462,94.3317073462,94.3317073462,94.3317073462,94.3317073462,94.3317073462,94.3317073462,94.3317073462
5.7204423663,5.7204423663,5.7204423663,5.7204423663,94.0546376774,94.0546376774,94.0546376774,94.0546376774,94.0546376774,94.0546376774,94.0546376774,94.0546376774,94.0546376774,94.0546376774,94.0546376774,94.0546376774,94.0546376774,94.0546376774,94.0546376774,94.0546376774
2.599042755,2.599042755,2.599042755,2.599042755,97.669847382,97.669847382,97.669847382,97.669847382,97.669847382,97.669847382,97.669847382,97.669847382,97.669847382,97.669847382,97.669847382,97.669847382,97.669847382,97.669847382,97.669847382,97.669847382
4.9931499018,4.9931499018,4.9931499018,4.9931499018,93.8449248558,93.8449248558,93.8449248558,93.8449248558,93.8449248558,93.8449248558,93.8449248558,93.8449248558,93.8449248558,93.8449248558,93.8449248558,93.8449248558,93.8449248558,93.8449248558,93.8449248558,93.8449248558
5.8154467464,5.8154467464,5.8154467464,5.8154467464,94.2900378138,94.2900378138,94.2900378138,94.2900378138,94.2900378138,94.2900378138,94.2900378138,94.2900378138,94.2900378138,94.2900378138,94.2900378138,94.2900378138,94.2900378138,94.2900378138,94.2900378138,94.2900378138
4.604815983,4.604815983,4.604815983,4.604815983,94.8030518502,94.8030518502,94.8030518502,94.8030518502,94.8030518502,94.8030518502,94.8030518502,94.8030518502,94.8030518502,94.8030518502,94.8030518502,94.8030518502,94.8030518502,94.8030518502,94.8030518502,94.8030518502
5.3464646183,5.3464646183,5.3464646183,5.3464646183,94.8117146069,94.8117146069,94.8117146069,94.8117146069,94.8117146069,94.8117146069,94.8117146069,94.8117146069,94.8117146069,94.8117146069,94.8117146069,94.8117146069,94.8117146069,94.8117146069,94.8117146069,94.8117146069
4.3156926593,4.3156926593,4.3156926593,4.3156926593,94.9479095653,94.9479095653,94.9479095653,94.9479095653,94.9479095653,94.9479095653,94.9479095653,94.9479095653,94.9479095653,94.9479095653,94.9479095653,94.9479095653,94.9479095653,94.9479095653,94.9479095653,94.9479095653
4.6299025067,4.6299025067,4.6299025067,4.6299025067,94.624005805,94.624005805,94.624005805,94.624005805,94.624005805,94.624005805,94.624005805,94.624005805,94.624005805,94.624005805,94.624005805,94.624005805,94.624005805,94.624005805,94.624005805,94.624005805
4.9333362898,4.9333362898,4.9333362898,4.9333362898,95.638563078,95.638563078,95.638563078,95.638563078,95.638563078,95.638563078,95.638563078,95.638563078,95.638563078,95.638563078,95.638563078,95.638563078,95.638563078,95.638563078,95.638563078,95.638563078
5.0971397676,5.0971397676,5.0971397676,5.0971397676,95.6718912757,95.6718912757,95.6718912757,95.6718912757,95.6718912757,95.6718912757,95.6718912757,95.6718912757,95.6718912757,95.6718912757,95.6718912757,95.6718912757,95.6718912757,95.6718912757,95.6718912757,95.6718912757
3.9594560167,3.9594560167,3.9594560167,3.9594560167,95.8193065689,95.8193065689,95.8193065689,95.8193065689,95.8193065689,95.8193065689,95.8193065689,95.8193065689,95.8193065689,95.8193065689,95.8193065689,95.8193065689,95.8193065689,95.8193065689,95.8193065689,95.8193065689
5.5261165555,5.5261165555,5.5261165555,5.5261165555,94.2369699591,94.2369699591,94.2369699591,94.2369699591,94.2369699591,94.2369699591,94.2369699591,94.2369699591,94.2369699591,94.2369699591,94.2369699591,94.2369699591,94.2369699591,94.2369699591,94.2369699591,94.2369699591
3.9605290326,4.9605290326,8.9605290326,13.9605290326,96.1016439878,95.1016439878,91.1016439878,86.1016439878,97.1016439878,96.1016439878,92.1016439878,87.1016439878,101.1016439878,100.1016439878,96.1016439878,91.1016439878,106.1016439878,105.1016439878,101.1016439878,96.1016439878
5.1362722469,5.1362722469,5.1362722469,5.1362722469,94.5692485381,94.5692485381,94.5692485381,94.5692485381,94.5692485381,94.5692485381,94.5692485381,94.5692485381,94.5692485381,94.5692485381,94.5692485381,94.5692485381,94.5692485381,94.5692485381,94.5692485381,94.5692485381
4.7245854149,4.7245854149,4.7245854149,4.7245854149,94.8782082856,94.8782082856,94.8782082856,94.8782082856,94.8782082856,94.8782082856,94.8782082856,94.8782082856,94.8782082856,94.8782082856,94.8782082856,94.8782082856,94.8782082856,94.8782082856,94.8782082856,94.8782082856
4.2779550671,4.2779550671,4.2779550671,4.2779550671,96.0265564406,96.0265564406,96.0265564406,96.0265564406,96.0265564406,96.0265564406,96.0265564406,96.0265564406,96.0265564406,96.0265564406,96.0265564406,96.0265564406,96.0265564406,96.0265564406,96.0265564406,96.0265564406
5.1047908894,5.1047908894,5.1047908894,5.1047908894,94.6228610006,94.6228610006,94.6228610006,94.6228610006,94.6228610006,94.6228610006,94.6228610006,94.6228610006,94.6228610006,94.6228610006,94.6228610006,94.6228610006,94.6228610006,94.6228610006,94.6228610006,94.6228610006
5.1398545461,5.1398545461,5.1398545461,5.1398545461,95.3956654585,95.3956654585,95.3956654585,95.3956654585,95.3956654585,95.3956654585,95.3956654585,95.3956654585,95.3956654585,95.3956654585,95.3956654585,95.3956654585,95.3956654585,95.3956654585,95.3956654585,95.3956654585
4.1330103525,4.1330103525,4.1330103525,4.1330103525,95.9558231288,95.9558231288,95.9558231288,95.9558231288,95.9558231288,95.9558231288,95.9558231288,95.9558231288,95.9558231288,95.9558231288,95.9558231288,95.9558231288,95.9558231288,95.9558231288,95.9558231288,95.9558231288
7.0485403304,8.0485403304,12.0485403304,17.0485403304,93.4799717603,92.4799717603,88.4799717603,83.4799717603,94.4799717603,93.4799717603,89.4799717603,84.4799717603,98.4799717603,97.4799717603,93.4799717603,88.4799717603,103.4799717603,102.4799717603,98.4799717603,93.4799717603
2.9793472212,3.9793472212,7.9793472212,12.9793472212,96.7280777511,95.7280777511,91.7280777511,86.7280777511,97.7280777511,96.7280777511,92.7280777511,87.7280777511,101.7280777511,100.7280777511,96.7280777511,91.7280777511,106.7280777511,105.7280777511,101.7280777511,96.7280777511
5.0028969574,5.0028969574,5.0028969574,5.0028969574,94.8244435779,94.8244435779,94.8244435779,94.8244435779,94.8244435779,94.8244435779,94.8244435779,94.8244435779,94.8244435779,94.8244435779,94.8244435779,94.8244435779,94.8244435779,94.8244435779,94.8244435779,94.8244435779
7.6983406629,7.6983406629,7.6983406629,7.6983406629,92.6292563527,92.6292563527,92.6292563527,92.6292563527,92.6292563527,92.6292563527,92.6292563527,92.6292563527,92.6292563527,92.6292563527,92.6292563527,92.6292563527,92.6292563527,92.6292563527,92.6292563527,92.6292563527
6.2514597159,6.2514597159,6.2514597159,6.2514597159,94.8373442785,94.8373442785,94.8373442785,94.8373442785,94.8373442785,94.8373442785,94.8373442785,94.8373442785,94.8373442785,94.8373442785,94.8373442785,94.8373442785,94.8373442785,94.8373442785,94.8373442785,94.8373442785
3.8131586733,3.8131586733,3.8131586733,3.8131586733,95.9494491332,95.9494491332,95.9494491332,95.9494491332,95.9494491332,95.9494491332,95.9494491332,95.9494491332,95.9494491332,95.9494491332,95.9494491332,95.9494491332,95.9494491332,95.9494491332,95.9494491332,95.9494491332
5.3681536435,5.3681536435,5.3681536435,5.3681536435,95.469717428,95.469717428,95.469717428,95.469717428,95.469717428,95.469717428,95.469717428,95.469717428,95.469717428,95.469717428,95.469717428,95.469717428,95.469717428,95.469717428,95.469717428,95.469717428
5.5413169018,6.5413169018,10.5413169018,15.5413169018,94.6260655682,93.6260655682,89.6260655682,84.6260655682,95.6260655682,94.6260655682,90.6260655682,85.6260655682,99.6260655682,98.6260655682,94.6260655682,89.6260655682,104.6260655682,103.6260655682,99.6260655682,94.6260655682
3.6612400478,3.6612400478,3.6612400478,3.6612400478,96.4777417217,96.4777417217,96.4777417217,96.4777417217,96.4777417217,96.4777417217,96.4777417217,96.4777417217,96.4777417217,96.4777417217,96.4777417217,96.4777417217,96.4777417217,96.4777417217,96.4777417217,96.4777417217
5.0714347878,5.0714347878,5.0714347878,5.0714347878,95.0414898813,95.0414898813,95.0414898813,95.0414898813,95.0414898813,95.0414898813,95.0414898813,95.0414898813,95.0414898813,95.0414898813,95.0414898813,95.0414898813,95.0414898813,95.0414898813,95.0414898813,95.0414898813
6.6995837163,6.6995837163,6.6995837163,6.6995837163,93.5834322919,93.5834322919,93.5834322919,93.5834322919,93.5834322919,93.5834322919,93.5834322919,93.5834322919,93.5834322919,93.5834322919,93.5834322919,93.5834322919,93.5834322919,93.5834322919,93.5834322919,93.5834322919
5.4037039944,5.4037039944,5.4037039944,5.4037039944,95.0899137935,95.0899137935,95.0899137935,95.0899137935,95.0899137935,95.0899137935,95.0899137935,95.0899137935,95.0899137935,95.0899137935,95.0899137935,95.0899137935,95.0899137935,95.0899137935,95.0899137935,95.0899137935
4.549454108,4.549454108,4.549454108,4.549454108,96.7527172823,96.7527172823,96.7527172823,96.7527172823,96.7527172823,96.7527172823,96.7527172823,96.7527172823,96.7527172823,96.7527172823,96.7527172823,96.7527172823,96.7527172823,96.7527172823,96.7527172823,96.7527172823
4.3982039647,4.3982039647,4.3982039647,4.3982039647,96.1079050085,96.1079050085,96.1079050085,96.1079050085,96.1079050085,96.1079050085,96.1079050085,96.1079050085,96.1079050085,96.1079050085,96.1079050085,96.1079050085,96.1079050085,96.1079050085,96.1079050085,96.1079050085
6.463831067,6.463831067,6.463831067,6.463831067,93.7888463256,93.7888463256,93.7888463256,93.7888463256,93.7888463256,93.7888463256,93.7888463256,93.7888463256,93.7888463256,93.7888463256,93.7888463256,93.7888463256,93.7888463256,93.7888463256,93.7888463256,93.7888463256
6.5114836943,6.5114836943,6.5114836943,6.5114836943,92.7038113896,92.7038113896,92.7038113896,92.7038113896,92.7038113896,92.7038113896,92.7038113896,92.7038113896,92.7038113896,92.7038113896,92.7038113896,92.7038113896,92.7038113896,92.7038113896,92.7038113896,92.7038113896
3.6084222483,4.6084222483,8.6084222483,13.6084222483,96.2996684807,95.2996684807,91.2996684807,86.2996684807,97.2996684807,96.2996684807,92.2996684807,87.2996684807,101.2996684807,100.2996684807,96.2996684807,91.2996684807,106.2996684807,105.2996684807,101.2996684807,96.2996684807
5.9135354525,5.9135354525,5.9135354525,5.9135354525,94.2326695889,94.2326695889,94.2326695889,94.2326695889,94.2326695889,94.2326695889,94.2326695889,94.2326695889,94.2326695889,94.2326695889,94.2326695889,94.2326695889,94.2326695889,94.2326695889,94.2326695889,94.2326695889
5.5024127091,5.5024127091,5.5024127091,5.5024127091,94.663935358,94.663935358,94.663935358,94.663935358,94.663935358,94.663935358,94.663935358,94.663935358,94.663935358,94.663935358,94.663935358,94.663935358,94.663935358,94.663935358,94.663935358,94.663935358
5.6205137122,5.6205137122,5.6205137122,5.6205137122,94.2179532201,94.2179532201,94.2179532201,94.2179532201,94.2179532201,94.2179532201,94.2179532201,94.2179532201,94.2179532201,94.2179532201,94.2179532201,94.2179532201,94.2179532201,94.2179532201,94.2179532201,94.2179532201
5.2086680794,5.2086680794,5.2086680794,5.2086680794,95.0125318507,95.0125318507,95.0125318507,95.0125318507,95.0125318507,95.0125318507,95.0125318507,95.0125318507,95.0125318507,95.0125318507,95.0125318507,95.0125318507,95.0125318507,95.0125318507,95.0125318507,95.0125318507
4.7602201318,4.7602201318,4.7602201318,4.7602201318,95.4367144141,95.4367144141,95.4367144141,95.4367144141,95.4367144141,95.4367144141,95.4367144141,95.4367144141,95.4367144141,95.4367144141,95.4367144141,95.4367144141,95.4367144141,95.4367144141,95.4367144141,95.4367144141
3.6969383978,3.6969383978,3.6969383978,3.6969383978,96.3652627981,96.3652627981,96.3652627981,96.3652627981,96.3652627981,96.3652627981,96.3652627981,96.3652627981,96.3652627981,96.3652627981,96.3652627981,96.3652627981,96.3652627981,96.3652627981,96.3652627981,96.3652627981
4.4181079285,4.4181079285,4.4181079285,4.4181079285,96.2606077915,96.2606077915,96.2606077915,96.2606077915,96.2606077915,96.2606077915,96.2606077915,96.2606077915,96.2606077915,96.2606077915,96.2606077915,96.2606077915,96.2606077915,96.2606077915,96.2606077915,96.2606077915
5.8062386017,5.8062386017,5.8062386017,5.8062386017,93.2236543069,93.2236543069,93.2236543069,93.2236543069,93.2236543069,93.2236543069,93.2236543069,93.2236543069,93.2236543069,93.2236543069,93.2236543069,93.2236543069,93.2236543069,93.2236543069,93.2236543069,93.2236543069
5.8958820774,5.8958820774,5.8958820774,5.8958820774,93.6581937252,93.6581937252,93.6581937252,93.6581937252,93.6581937252,93.6581937252,93.6581937252,93.6581937252,93.6581937252,93.6581937252,93.6581937252,93.6581937252,93.6581937252,93.6581937252,93.6581937252,93.6581937252
4.2500707065,4.2500707065,4.2500707065,4.2500707065,95.5382897777,95.5382897777,95.5382897777,95.5382897777,95.5382897777,95.5382897777,95.5382897777,95.5382897777,95.5382897777,95.5382897777,95.5382897777,95.5382897777,95.5382897777,95.5382897777,95.5382897777,95.5382897777
6.7951806689,6.7951806689,6.7951806689,6.7951806689,92.9881139296,92.9881139296,92.9881139296,92.9881139296,92.9881139296,92.9881139296,92.9881139296,92.9881139296,92.9881139296,92.9881139296,92.9881139296,92.9881139296,92.9881139296,92.9881139296,92.9881139296,92.9881139296
4.9231081621,4.9231081621,4.9231081621,4.9231081621,95.2660427502,95.2660427502,95.2660427502,95.2660427502,95.2660427502,95.2660427502,95.2660427502,95.2660427502,95.2660427502,95.2660427502,95.2660427502,95.2660427502,95.2660427502,95.2660427502,95.2660427502,95.2660427502
5.6269874588,5.6269874588,5.6269874588,5.6269874588,95.3924090755,95.3924090755,95.3924090755,95.3924090755,95.3924090755,95.3924090755,95.3924090755,95.3924090755,95.3924090755,95.3924090755,95.3924090755,95.3924090755,95.3924090755,95.3924090755,95.3924090755,95.3924090755
4.8261816039,4.8261816039,4.8261816039,4.8261816039,94.4475312024,94.4475312024,94.4475312024,94.4475312024,94.4475312024,94.4475312024,94.4475312024,94.4475312024,94.4475312024,94.4475312024,94.4475312024,94.4475312024,94.4475312024,94.4475312024,94.4475312024,94.4475312024
4.6683091589,4.6683091589,4.6683091589,4.6683091589,95.5845499432,95.5845499432,95.5845499432,95.5845499432,95.5845499432,95.5845499432,95.5845499432,95.5845499432,95.5845499432,95.5845499432,95.5845499432,95.5845499432,95.5845499432,95.5845499432,95.5845499432,95.5845499432
6.1664159813,6.1664159813,6.1664159813,6.1664159813,93.0654239402,93.0654239402,93.0654239402,93.0654239402,93.0654239402,93.0654239402,93.0654239402,93.0654239402,93.0654239402,93.0654239402,93.0654239402,93.0654239402,93.0654239402,93.0654239402,93.0654239402,93.0654239402
3.3067751234,3.3067751234,3.3067751234,3.3067751234,96.9086203126,96.9086203126,96.9086203126,96.9086203126,96.9086203126,96.9086203126,96.9086203126,96.9086203126,96.9086203126,96.9086203126,96.9086203126,96.9086203126,96.9086203126,96.9086203126,96.9086203126,96.9086203126
4.5723420664,4.5723420664,4.5723420664,4.5723420664,95.1642887563,95.1642887563,95.1642887563,95.1642887563,95.1642887563,95.1642887563,95.1642887563,95.1642887563,95.1642887563,95.1642887563,95.1642887563,95.1642887563,95.1642887563,95.1642887563,95.1642887563,95.1642887563
4.5277252823,4.5277252823,4.5277252823,4.5277252823,96.1995665042,96.1995665042,96.1995665042,96.1995665042,96.1995665042,96.1995665042,96.1995665042,96.1995665042,96.1995665042,96.1995665042,96.1995665042,96.1995665042,96.1995665042,96.1995665042,96.1995665042,96.1995665042
4.5896776012,4.5896776012,4.5896776012,4.5896776012,95.4306515417,95.4306515417,95.4306515417,95.4306515417,95.4306515417,95.4306515417,95.4306515417,95.4306515417,95.4306515417,95.4306515417,95.4306515417,95.4306515417,95.4306515417,95.4306515417,95.4306515417,95.4306515417
4.9124939165,4.9124939165,4.9124939165,4.9124939165,95.2697410601,95.2697410601,95.2697410601,95.2697410601,95.2697410601,95.2697410601,95.2697410601,95.2697410601,95.2697410601,95.2697410601,95.2697410601,95.2697410601,95.2697410601,95.2697410601,95.2697410601,95.2697410601
5.972637543,5.972637543,5.972637543,5.972637543,93.8777406443,93.8777406443,93.8777406443,93.8777406443,93.8777406443,93.8777406443,93.8777406443,93.8777406443,93.8777406443,93.8777406443,93.8777406443,93.8777406443,93.8777406443,93.8777406443,93.8777406443,93.8777406443
4.136126107,4.136126107,4.136126107,4.136126107,95.857170863,95.857170863,95.857170863,95.857170863,95.857170863,95.857170863,95.857170863,95.857170863,95.857170863,95.857170863,95.857170863,95.857170863,95.857170863,95.857170863,95.857170863,95.857170863
4.3430326036,5.3430326036,9.3430326036,14.3430326036,95.0396478702,94.0396478702,90.0396478702,85.0396478702,96.0396478702,95.0396478702,91.0396478702,86.0396478702,100.0396478702,99.0396478702,95.0396478702,90.0396478702,105.0396478702,104.0396478702,100.0396478702,95.0396478702
5.4996666528,5.4996666528,5.4996666528,5.4996666528,94.7297319522,94.7297319522,94.7297319522,94.7297319522,94.7297319522,94.7297319522,94.7297319522,94.7297319522,94.7297319522,94.7297319522,94.7297319522,94.7297319522,94.7297319522,94.7297319522,94.7297319522,94.7297319522
6.5825453224,6.5825453224,6.5825453224,6.5825453224,93.3549335868,93.3549335868,93.3549335868,93.3549335868,93.3549335868,93.3549335868,93.3549335868,93.3549335868,93.3549335868,93.3549335868,93.3549335868,93.3549335868,93.3549335868,93.3549335868,93.3549335868,93.3549335868
3.5147253475,3.5147253475,3.5147253475,3.5147253475,96.2866459979,96.2866459979,96.2866459979,96.2866459979,96.2866459979,96.2866459979,96.2866459979,96.2866459979,96.2866459979,96.2866459979,96.2866459979,96.2866459979,96.2866459979,96.2866459979,96.2866459979,96.2866459979
3.7639658075,3.7639658075,3.7639658075,3.7639658075,96.2995051183,96.2995051183,96.2995051183,96.2995051183,96.2995051183,96.2995051183,96.2995051183,96.2995051183,96.2995051183,96.2995051183,96.2995051183,96.2995051183,96.2995051183,96.2995051183,96.2995051183,96.2995051183
4.4669480556,4.4669480556,4.4669480556,4.4669480556,95.9823441847,95.9823441847,95.9823441847,95.9823441847,95.9823441847,95.9823441847,95.9823441847,95.9823441847,95.9823441847,95.9823441847,95.9823441847,95.9823441847,95.9823441847,95.9823441847,95.9823441847,95.9823441847
6.4138661735,6.4138661735,6.4138661735,6.4138661735,93.1919397534,93.1919397534,93.1919397534,93.1919397534,93.1919397534,93.1919397534,93.1919397534,93.1919397534,93.1919397534,93.1919397534,93.1919397534,93.1919397534,93.1919397534,93.1919397534,93.1919397534,93.1919397534
4.3827526591,5.3827526591,9.3827526591,14.3827526591,95.7180810181,94.7180810181,90.7180810181,85.7180810181,96.7180810181,95.7180810181,91.7180810181,86.7180810181,100.7180810181,99.7180810181,95.7180810181,90.7180810181,105.7180810181,104.7180810181,100.7180810181,95.7180810181
2.5514204876,2.5514204876,2.5514204876,2.5514204876,97.4354454829,97.4354454829,97.4354454829,97.4354454829,97.4354454829,97.4354454829,97.4354454829,97.4354454829,97.4354454829,97.4354454829,97.4354454829,97.4354454829,97.4354454829,97.4354454829,97.4354454829,97.4354454829
6.370697563,6.370697563,6.370697563,6.370697563,93.4061566986,93.4061566986,93.4061566986,93.4061566986,93.4061566986,93.4061566986,93.4061566986,93.4061566986,93.4061566986,93.4061566986,93.4061566986,93.4061566986,93.4061566986,93.4061566986,93.4061566986,93.4061566986
6.0865234638,6.0865234638,6.0865234638,6.0865234638,93.5689813754,93.5689813754,93.5689813754,93.5689813754,93.5689813754,93.5689813754,93.5689813754,93.5689813754,93.5689813754,93.5689813754,93.5689813754,93.5689813754,93.5689813754,93.5689813754,93.5689813754,93.5689813754
4.8325395837,4.8325395837,4.8325395837,4.8325395837,94.9714998651,94.9714998651,94.9714998651,94.9714998651,94.9714998651,94.9714998651,94.9714998651,94.9714998651,94.9714998651,94.9714998651,94.9714998651,94.9714998651,94.9714998651,94.9714998651,94.9714998651,94.9714998651
4.4078339839,4.4078339839,4.4078339839,4.4078339839,96.4834513322,96.4834513322,96.4834513322,96.4834513322,96.4834513322,96.4834513322,96.4834513322,96.4834513322,96.4834513322,96.4834513322,96.4834513322,96.4834513322,96.4834513322,96.4834513322,96.4834513322,96.4834513322
5.2884051142,6.2884051142,10.2884051142,15.2884051142,95.3152159154,94.3152159154,90.3152159154,85.3152159154,96.3152159154,95.3152159154,91.3152159154,86.3152159154,100.3152159154,99.3152159154,95.3152159154,90.3152159154,105.3152159154,104.3152159154,100.3152159154,95.3152159154
5.1784703698,5.1784703698,5.1784703698,5.1784703698,94.2231095631,94.2231095631,94.2231095631,94.2231095631,94.2231095631,94.2231095631,94.2231095631,94.2231095631,94.2231095631,94.2231095631,94.2231095631,94.2231095631,94.2231095631,94.2231095631,94.2231095631,94.2231095631
4.5010295718,4.5010295718,4.5010295718,4.5010295718,95.6236229437,95.6236229437,95.6236229437,95.6236229437,95.6236229437,95.6236229437,95.6236229437,95.6236229437,95.6236229437,95.6236229437,95.6236229437,95.6236229437,95.6236229437,95.6236229437,95.6236229437,95.6236229437
6.030209086,6.030209086,6.030209086,6.030209086,93.8525499313,93.8525499313,93.8525499313,93.8525499313,93.8525499313,93.8525499313,93.8525499313,93.8525499313,93.8525499313,93.8525499313,93.8525499313,93.8525499313,93.8525499313,93.8525499313,93.8525499313,93.8525499313
3.9357142484,3.9357142484,3.9357142484,3.9357142484,94.4844740587,94.4844740587,94.4844740587,94.4844740587,94.4844740587,94.4844740587,94.4844740587,94.4844740587,94.4844740587,94.4844740587,94.4844740587,94.4844740587,94.4844740587,94.4844740587,94.4844740587,94.4844740587
3.8773484013,3.8773484013,3.8773484013,3.8773484013,96.3107420094,96.3107420094,96.3107420094,96.3107420094,96.3107420094,96.3107420094,96.3107420094,96.3107420094,96.3107420094,96.3107420094,96.3107420094,96.3107420094,96.3107420094,96.3107420094,96.3107420094,96.3107420094
7.5156787311,7.5156787311,7.5156787311,7.5156787311,91.9746335892,91.9746335892,91.9746335892,91.9746335892,91.9746335892,91.9746335892,91.9746335892,91.9746335892,91.9746335892,91.9746335892,91.9746335892,91.9746335892,91.9746335892,91.9746335892,91.9746335892,91.9746335892
4.9149665528,4.9149665528,4.9149665528,4.9149665528,95.4802041267,95.4802041267,95.4802041267,95.4802041267,95.4802041267,95.4802041267,95.4802041267,95.4802041267,95.4802041267,95.4802041267,95.4802041267,95.4802041267,95.4802041267,95.4802041267,95.4802041267,95.4802041267
7.207664486,7.207664486,7.207664486,7.207664486,92.9182255757,92.9182255757,92.9182255757,92.9182255757,92.9182255757,92.9182255757,92.9182255757,92.9182255757,92.9182255757,92.9182255757,92.9182255757,92.9182255757,92.9182255757,92.9182255757,92.9182255757,92.9182255757
2.2263198235,2.2263198235,2.2263198235,2.2263198235,97.4987006837,97.4987006837,97.4987006837,97.4987006837,97.4987006837,97.4987006837,97.4987006837,97.4987006837,97.4987006837,97.4987006837,97.4987006837,97.4987006837,97.4987006837,97.4987006837,97.4987006837,97.4987006837
5.3968916913,6.3968916913,10.3968916913,15.3968916913,95.0150394612,94.0150394612,90.0150394612,85.0150394612,96.0150394612,95.0150394612,91.0150394612,86.0150394612,100.0150394612,99.0150394612,95.0150394612,90.0150394612,105.0150394612,104.0150394612,100.0150394612,95.0150394612
4.7960183543,4.7960183543,4.7960183543,4.7960183543,95.1346182704,95.1346182704,95.1346182704,95.1346182704,95.1346182704,95.1346182704,95.1346182704,95.1346182704,95.1346182704,95.1346182704,95.1346182704,95.1346182704,95.1346182704,95.1346182704,95.1346182704,95.1346182704
4.4928282266,4.4928282266,4.4928282266,4.4928282266,94.493294866,94.493294866,94.493294866,94.493294866,94.493294866,94.493294866,94.493294866,94.493294866,94.493294866,94.493294866,94.493294866,94.493294866,94.493294866,94.493294866,94.493294866,94.493294866
3.6520380727,3.6520380727,3.6520380727,3.6520380727,95.7578093259,95.7578093259,95.7578093259,95.7578093259,95.7578093259,95.7578093259,95.7578093259,95.7578093259,95.7578093259,95.7578093259,95.7578093259,95.7578093259,95.7578093259,95.7578093259,95.7578093259,95.7578093259
7.2878115641,7.2878115641,7.2878115641,7.2878115641,93.3060704737,93.3060704737,93.3060704737,93.3060704737,93.3060704737,93.3060704737,93.3060704737,93.3060704737,93.3060704737,93.3060704737,93.3060704737,93.3060704737,93.3060704737,93.3060704737,93.3060704737,93.3060704737
4.8722801111,4.8722801111,4.8722801111,4.8722801111,93.6347027644,93.6347027644,93.6347027644,93.6347027644,93.6347027644,93.6347027644,93.6347027644,93.6347027644,93.6347027644,93.6347027644,93.6347027644,93.6347027644,93.6347027644,93.6347027644,93.6347027644,93.6347027644
7.1801561448,7.1801561448,7.1801561448,7.1801561448,92.7625257466,92.7625257466,92.7625257466,92.7625257466,92.7625257466,92.7625257466,92.7625257466,92.7625257466,92.7625257466,92.7625257466,92.7625257466,92.7625257466,92.7625257466,92.7625257466,92.7625257466,92.7625257466
6.5773021224,6.5773021224,6.5773021224,6.5773021224,92.2898830799,92.2898830799,92.2898830799,92.2898830799,92.2898830799,92.2898830799,92.2898830799,92.2898830799,92.2898830799,92.2898830799,92.2898830799,92.2898830799,92.2898830799,92.2898830799,92.2898830799,92.2898830799
4.1882287284,4.1882287284,4.1882287284,4.1882287284,95.2850640875,95.2850640875,95.2850640875,95.2850640875,95.2850640875,95.2850640875,95.2850640875,95.2850640875,95.2850640875,95.2850640875,95.2850640875,95.2850640875,95.2850640875,95.2850640875,95.2850640875,95.2850640875
3.2285377608,3.2285377608,3.2285377608,3.2285377608,96.7149986583,96.7149986583,96.7149986583,96.7149986583,96.7149986583,96.7149986583,96.7149986583,96.7149986583,96.7149986583,96.7149986583,96.7149986583,96.7149986583,96.7149986583,96.7149986583,96.7149986583,96.7149986583
3.6669074217,3.6669074217,3.6669074217,3.6669074217,95.8909767733,95.8909767733,95.8909767733,95.8909767733,95.8909767733,95.8909767733,95.8909767733,95.8909767733,95.8909767733,95.8909767733,95.8909767733,95.8909767733,95.8909767733,95.8909767733,95.8909767733,95.8909767733
4.4895780566,4.4895780566,4.4895780566,4.4895780566,96.1902445042,96.1902445042,96.1902445042,96.1902445042,96.1902445042,96.1902445042,96.1902445042,96.1902445042,96.1902445042,96.1902445042,96.1902445042,96.1902445042,96.1902445042,96.1902445042,96.1902445042,96.1902445042
6.2408280698,6.2408280698,6.2408280698,6.2408280698,93.608311803,93.608311803,93.608311803,93.608311803,93.608311803,93.608311803,93.608311803,93.608311803,93.608311803,93.608311803,93.608311803,93.608311803,93.608311803,93.608311803,93.608311803,93.608311803
4.6107962447,4.6107962447,4.6107962447,4.6107962447,95.0087220655,95.0087220655,95.0087220655,95.0087220655,95.0087220655,95.0087220655,95.0087220655,95.0087220655,95.0087220655,95.0087220655,95.0087220655,95.0087220655,95.0087220655,95.0087220655,95.0087220655,95.0087220655
4.5224993553,4.5224993553,4.5224993553,4.5224993553,95.1950906024,95.1950906024,95.1950906024,95.1950906024,95.1950906024,95.1950906024,95.1950906024,95.1950906024,95.1950906024,95.1950906024,95.1950906024,95.1950906024,95.1950906024,95.1950906024,95.1950906024,95.1950906024
4.587267495,4.587267495,4.587267495,4.587267495,96.1512381992,96.1512381992,96.1512381992,96.1512381992,96.1512381992,96.1512381992,96.1512381992,96.1512381992,96.1512381992,96.1512381992,96.1512381992,96.1512381992,96.1512381992,96.1512381992,96.1512381992,96.1512381992
5.1223360644,6.1223360644,10.1223360644,15.1223360644,94.436185016,93.436185016,89.436185016,84.436185016,95.436185016,94.436185016,90.436185016,85.436185016,99.436185016,98.436185016,94.436185016,89.436185016,104.436185016,103.436185016,99.436185016,94.436185016
4.8073302847,4.8073302847,4.8073302847,4.8073302847,95.949028943,95.949028943,95.949028943,95.949028943,95.949028943,95.949028943,95.949028943,95.949028943,95.949028943,95.949028943,95.949028943,95.949028943,95.949028943,95.949028943,95.949028943,95.949028943
5.0446658249,6.0446658249,10.0446658249,15.0446658249,95.8288058438,94.8288058438,90.8288058438,85.8288058438,96.8288058438,95.8288058438,91.8288058438,86.8288058438,100.8288058438,99.8288058438,95.8288058438,90.8288058438,105.8288058438,104.8288058438,100.8288058438,95.8288058438
4.8899720143,4.8899720143,4.8899720143,4.8899720143,94.8328403247,94.8328403247,94.8328403247,94.8328403247,94.8328403247,94.8328403247,94.8328403247,94.8328403247,94.8328403247,94.8328403247,94.8328403247,94.8328403247,94.8328403247,94.8328403247,94.8328403247,94.8328403247
4.9517821382,4.9517821382,4.9517821382,4.9517821382,94.9400176126,94.9400176126,94.9400176126,94.9400176126,94.9400176126,94.9400176126,94.9400176126,94.9400176126,94.9400176126,94.9400176126,94.9400176126,94.9400176126,94.9400176126,94.9400176126,94.9400176126,94.9400176126
6.6541255423,6.6541255423,6.6541255423,6.6541255423,93.3610149405,93.3610149405,93.3610149405,93.3610149405,93.3610149405,93.3610149405,93.3610149405,93.3610149405,93.3610149405,93.3610149405,93.3610149405,93.3610149405,93.3610149405,93.3610149405,93.3610149405,93.3610149405
5.9773086979,5.9773086979,5.9773086979,5.9773086979,94.4586045225,94.4586045225,94.4586045225,94.4586045225,94.4586045225,94.4586045225,94.4586045225,94.4586045225,94.4586045225,94.4586045225,94.4586045225,94.4586045225,94.4586045225,94.4586045225,94.4586045225,94.4586045225
5.0162462275,6.0162462275,10.0162462275,15.0162462275,95.1886605283,94.1886605283,90.1886605283,85.1886605283,96.1886605283,95.1886605283,91.1886605283,86.1886605283,100.1886605283,99.1886605283,95.1886605283,90.1886605283,105.1886605283,104.1886605283,100.1886605283,95.1886605283
5.2427235435,5.2427235435,5.2427235435,5.2427235435,94.6654284938,94.6654284938,94.6654284938,94.6654284938,94.6654284938,94.6654284938,94.6654284938,94.6654284938,94.6654284938,94.6654284938,94.6654284938,94.6654284938,94.6654284938,94.6654284938,94.6654284938,94.6654284938
3.3205711416,3.3205711416,3.3205711416,3.3205711416,96.4890689257,96.4890689257,96.4890689257,96.4890689257,96.4890689257,96.4890689257,96.4890689257,96.4890689257,96.4890689257,96.4890689257,96.4890689257,96.4890689257,96.4890689257,96.4890689257,96.4890689257,96.4890689257
4.6017157013,4.6017157013,4.6017157013,4.6017157013,95.9938514521,95.9938514521,95.9938514521,95.9938514521,95.9938514521,95.9938514521,95.9938514521,95.9938514521,95.9938514521,95.9938514521,95.9938514521,95.9938514521,95.9938514521,95.9938514521,95.9938514521,95.9938514521
3.9839154358,3.9839154358,3.9839154358,3.9839154358,96.0219041934,96.0219041934,96.0219041934,96.0219041934,96.0219041934,96.0219041934,96.0219041934,96.0219041934,96.0219041934,96.0219041934,96.0219041934,96.0219041934,96.0219041934,96.0219041934,96.0219041934,96.0219041934
4.6990738142,5.6990738142,9.6990738142,14.6990738142,95.090871285,94.090871285,90.090871285,85.090871285,96.090871285,95.090871285,91.090871285,86.090871285,100.090871285,99.090871285,95.090871285,90.090871285,105.090871285,104.090871285,100.090871285,95.090871285
5.2259060738,5.2259060738,5.2259060738,5.2259060738,94.6161342046,94.6161342046,94.6161342046,94.6161342046,94.6161342046,94.6161342046,94.6161342046,94.6161342046,94.6161342046,94.6161342046,94.6161342046,94.6161342046,94.6161342046,94.6161342046,94.6161342046,94.6161342046
4.896150845,4.896150845,4.896150845,4.896150845,95.4180726464,95.4180726464,95.4180726464,95.4180726464,95.4180726464,95.4180726464,95.4180726464,95.4180726464,95.4180726464,95.4180726464,95.4180726464,95.4180726464,95.4180726464,95.4180726464,95.4180726464,95.4180726464
4.0125914432,4.0125914432,4.0125914432,4.0125914432,96.3963208449,96.3963208449,96.3963208449,96.3963208449,96.3963208449,96.3963208449,96.3963208449,96.3963208449,96.3963208449,96.3963208449,96.3963208449,96.3963208449,96.3963208449,96.3963208449,96.3963208449,96.3963208449
5.6947514762,5.6947514762,5.6947514762,5.6947514762,94.6432779389,94.6432779389,94.6432779389,94.6432779389,94.6432779389,94.6432779389,94.6432779389,94.6432779389,94.6432779389,94.6432779389,94.6432779389,94.6432779389,94.6432779389,94.6432779389,94.6432779389,94.6432779389
5.8299619094,6.8299619094,10.8299619094,15.8299619094,94.4402366025,93.4402366025,89.4402366025,84.4402366025,95.4402366025,94.4402366025,90.4402366025,85.4402366025,99.4402366025,98.4402366025,94.4402366025,89.4402366025,104.4402366025,103.4402366025,99.4402366025,94.4402366025
5.8256729208,5.8256729208,5.8256729208,5.8256729208,93.8700570392,93.8700570392,93.8700570392,93.8700570392,93.8700570392,93.8700570392,93.8700570392,93.8700570392,93.8700570392,93.8700570392,93.8700570392,93.8700570392,93.8700570392,93.8700570392,93.8700570392,93.8700570392
6.1090608586,6.1090608586,6.1090608586,6.1090608586,94.115471262,94.115471262,94.115471262,94.115471262,94.115471262,94.115471262,94.115471262,94.115471262,94.115471262,94.115471262,94.115471262,94.115471262,94.115471262,94.115471262,94.115471262,94.115471262
5.0751455827,5.0751455827,5.0751455827,5.0751455827,94.9886561044,94.9886561044,94.9886561044,94.9886561044,94.9886561044,94.9886561044,94.9886561044,94.9886561044,94.9886561044,94.9886561044,94.9886561044,94.9886561044,94.9886561044,94.9886561044,94.9886561044,94.9886561044
5.2881467505,5.2881467505,5.2881467505,5.2881467505,94.2036111224,94.2036111224,94.2036111224,94.2036111224,94.2036111224,94.2036111224,94.2036111224,94.2036111224,94.2036111224,94.2036111224,94.2036111224,94.2036111224,94.2036111224,94.2036111224,94.2036111224,94.2036111224
5.5444869774,5.5444869774,5.5444869774,5.5444869774,94.6691127328,94.6691127328,94.6691127328,94.6691127328,94.6691127328,94.6691127328,94.6691127328,94.6691127328,94.6691127328,94.6691127328,94.6691127328,94.6691127328,94.6691127328,94.6691127328,94.6691127328,94.6691127328
3.4633480132,3.4633480132,3.4633480132,3.4633480132,96.6936969418,96.6936969418,96.6936969418,96.6936969418,96.6936969418,96.6936969418,96.6936969418,96.6936969418,96.6936969418,96.6936969418,96.6936969418,96.6936969418,96.6936969418,96.6936969418,96.6936969418,96.6936969418
5.8554926474,5.8554926474,5.8554926474,5.8554926474,93.9062395724,93.9062395724,93.9062395724,93.9062395724,93.9062395724,93.9062395724,93.9062395724,93.9062395724,93.9062395724,93.9062395724,93.9062395724,93.9062395724,93.9062395724,93.9062395724,93.9062395724,93.9062395724
7.8605446636,7.8605446636,7.8605446636,7.8605446636,91.1559567243,91.1559567243,91.1559567243,91.1559567243,91.1559567243,91.1559567243,91.1559567243,91.1559567243,91.1559567243,91.1559567243,91.1559567243,91.1559567243,91.1559567243,91.1559567243,91.1559567243,91.1559567243
3.1938915666,3.1938915666,3.1938915666,3.1938915666,96.9964886939,96.9964886939,96.9964886939,96.9964886939,96.9964886939,96.9964886939,96.9964886939,96.9964886939,96.9964886939,96.9964886939,96.9964886939,96.9964886939,96.9964886939,96.9964886939,96.9964886939,96.9964886939
4.7485432405,4.7485432405,4.7485432405,4.7485432405,95.0061795103,95.0061795103,95.0061795103,95.0061795103,95.0061795103,95.0061795103,95.0061795103,95.0061795103,95.0061795103,95.0061795103,95.0061795103,95.0061795103,95.0061795103,95.0061795103,95.0061795103,95.0061795103
7.1232085698,7.1232085698,7.1232085698,7.1232085698,92.0768791513,92.0768791513,92.0768791513,92.0768791513,92.0768791513,92.0768791513,92.0768791513,92.0768791513,92.0768791513,92.0768791513,92.0768791513,92.0768791513,92.0768791513,92.0768791513,92.0768791513,92.0768791513
5.2432628098,5.2432628098,5.2432628098,5.2432628098,94.6703372561,94.6703372561,94.6703372561,94.6703372561,94.6703372561,94.6703372561,94.6703372561,94.6703372561,94.6703372561,94.6703372561,94.6703372561,94.6703372561,94.6703372561,94.6703372561,94.6703372561,94.6703372561
5.022392591,6.022392591,10.022392591,15.022392591,95.1592144644,94.1592144644,90.1592144644,85.1592144644,96.1592144644,95.1592144644,91.1592144644,86.1592144644,100.1592144644,99.1592144644,95.1592144644,90.1592144644,105.1592144644,104.1592144644,100.1592144644,95.1592144644
5.0637925641,5.0637925641,5.0637925641,5.0637925641,95.6928768487,95.6928768487,95.6928768487,95.6928768487,95.6928768487,95.6928768487,95.6928768487,95.6928768487,95.6928768487,95.6928768487,95.6928768487,95.6928768487,95.6928768487,95.6928768487,95.6928768487,95.6928768487
4.9986184239,5.9986184239,9.9986184239,14.9986184239,94.1251929474,93.1251929474,89.1251929474,84.1251929474,95.1251929474,94.1251929474,90.1251929474,85.1251929474,99.1251929474,98.1251929474,94.1251929474,89.1251929474,104.1251929474,103.1251929474,99.1251929474,94.1251929474
6.4180188843,6.4180188843,6.4180188843,6.4180188843,93.5119119826,93.5119119826,93.5119119826,93.5119119826,93.5119119826,93.5119119826,93.5119119826,93.5119119826,93.5119119826,93.5119119826,93.5119119826,93.5119119826,93.5119119826,93.5119119826,93.5119119826,93.5119119826
6.2680351148,6.2680351148,6.2680351148,6.2680351148,93.4218790746,93.4218790746,93.4218790746,93.4218790746,93.4218790746,93.4218790746,93.4218790746,93.4218790746,93.4218790746,93.4218790746,93.4218790746,93.4218790746,93.4218790746,93.4218790746,93.4218790746,93.4218790746
4.6339614791,4.6339614791,4.6339614791,4.6339614791,95.0093327236,95.0093327236,95.0093327236,95.0093327236,95.0093327236,95.0093327236,95.0093327236,95.0093327236,95.0093327236,95.0093327236,95.0093327236,95.0093327236,95.0093327236,95.0093327236,95.0093327236,95.0093327236
4.6398484591,4.6398484591,4.6398484591,4.6398484591,94.6714013463,94.6714013463,94.6714013463,94.6714013463,94.6714013463,94.6714013463,94.6714013463,94.6714013463,94.6714013463,94.6714013463,94.6714013463,94.6714013463,94.6714013463,94.6714013463,94.6714013463,94.6714013463
5.1096522509,5.1096522509,5.1096522509,5.1096522509,95.6172033297,95.6172033297,95.6172033297,95.6172033297,95.6172033297,95.6172033297,95.6172033297,95.6172033297,95.6172033297,95.6172033297,95.6172033297,95.6172033297,95.6172033297,95.6172033297,95.6172033297,95.6172033297
6.2608545777,6.2608545777,6.2608545777,6.2608545777,93.918024844,93.918024844,93.918024844,93.918024844,93.918024844,93.918024844,93.918024844,93.918024844,93.918024844,93.918024844,93.918024844,93.918024844,93.918024844,93.918024844,93.918024844,93.918024844
4.2294146054,4.2294146054,4.2294146054,4.2294146054,96.0616948345,96.0616948345,96.0616948345,96.0616948345,96.0616948345,96.0616948345,96.0616948345,96.0616948345,96.0616948345,96.0616948345,96.0616948345,96.0616948345,96.0616948345,96.0616948345,96.0616948345,96.0616948345
4.3973445445,5.3973445445,9.3973445445,14.3973445445,95.533957419,94.533957419,90.533957419,85.533957419,96.533957419,95.533957419,91.533957419,86.533957419,100.533957419,99.533957419,95.533957419,90.533957419,105.533957419,104.533957419,100.533957419,95.533957419
3.8622709565,3.8622709565,3.8622709565,3.8622709565,95.5972976449,95.5972976449,95.5972976449,95.5972976449,95.5972976449,95.5972976449,95.5972976449,95.5972976449,95.5972976449,95.5972976449,95.5972976449,95.5972976449,95.5972976449,95.5972976449,95.5972976449,95.5972976449
4.6576674378,4.6576674378,4.6576674378,4.6576674378,94.670081886,94.670081886,94.670081886,94.670081886,94.670081886,94.670081886,94.670081886,94.670081886,94.670081886,94.670081886,94.670081886,94.670081886,94.670081886,94.670081886,94.670081886,94.670081886
5.591484571,5.591484571,5.591484571,5.591484571,94.3307108541,94.3307108541,94.3307108541,94.3307108541,94.3307108541,94.3307108541,94.3307108541,94.3307108541,94.3307108541,94.3307108541,94.3307108541,94.3307108541,94.3307108541,94.3307108541,94.3307108541,94.3307108541
4.9670865068,5.9670865068,9.9670865068,14.9670865068,95.9731528564,94.9731528564,90.9731528564,85.9731528564,96.9731528564,95.9731528564,91.9731528564,86.9731528564,100.9731528564,99.9731528564,95.9731528564,90.9731528564,105.9731528564,104.9731528564,100.9731528564,95.9731528564
5.0962276013,5.0962276013,5.0962276013,5.0962276013,95.5467483995,95.5467483995,95.5467483995,95.5467483995,95.5467483995,95.5467483995,95.5467483995,95.5467483995,95.5467483995,95.5467483995,95.5467483995,95.5467483995,95.5467483995,95.5467483995,95.5467483995,95.5467483995
4.9476775716,5.9476775716,9.9476775716,14.9476775716,95.4827883015,94.4827883015,90.4827883015,85.4827883015,96.4827883015,95.4827883015,91.4827883015,86.4827883015,100.4827883015,99.4827883015,95.4827883015,90.4827883015,105.4827883015,104.4827883015,100.4827883015,95.4827883015
3.4537969907,3.4537969907,3.4537969907,3.4537969907,96.6940398847,96.6940398847,96.6940398847,96.6940398847,96.6940398847,96.6940398847,96.6940398847,96.6940398847,96.6940398847,96.6940398847,96.6940398847,96.6940398847,96.6940398847,96.6940398847,96.6940398847,96.6940398847
4.9405123304,4.9405123304,4.9405123304,4.9405123304,93.8148623745,93.8148623745,93.8148623745,93.8148623745,93.8148623745,93.8148623745,93.8148623745,93.8148623745,93.8148623745,93.8148623745,93.8148623745,93.8148623745,93.8148623745,93.8148623745,93.8148623745,93.8148623745
6.2810236353,6.2810236353,6.2810236353,6.2810236353,93.8496826805,93.8496826805,93.8496826805,93.8496826805,93.8496826805,93.8496826805,93.8496826805,93.8496826805,93.8496826805,93.8496826805,93.8496826805,93.8496826805,93.8496826805,93.8496826805,93.8496826805,93.8496826805
4.3067058441,4.3067058441,4.3067058441,4.3067058441,95.2428423189,95.2428423189,95.2428423189,95.2428423189,95.2428423189,95.2428423189,95.2428423189,95.2428423189,95.2428423189,95.2428423189,95.2428423189,95.2428423189,95.2428423189,95.2428423189,95.2428423189,95.2428423189
7.1416274955,7.1416274955,7.1416274955,7.1416274955,92.7875355772,92.7875355772,92.7875355772,92.7875355772,92.7875355772,92.7875355772,92.7875355772,92.7875355772,92.7875355772,92.7875355772,92.7875355772,92.7875355772,92.7875355772,92.7875355772,92.7875355772,92.7875355772
5.0350768659,5.0350768659,5.0350768659,5.0350768659,95.3557036333,95.3557036333,95.3557036333,95.3557036333,95.3557036333,95.3557036333,95.3557036333,95.3557036333,95.3557036333,95.3557036333,95.3557036333,95.3557036333,95.3557036333,95.3557036333,95.3557036333,95.3557036333
5.68511486,5.68511486,5.68511486,5.68511486,94.3663200221,94.3663200221,94.3663200221,94.3663200221,94.3663200221,94.3663200221,94.3663200221,94.3663200221,94.3663200221,94.3663200221,94.3663200221,94.3663200221,94.3663200221,94.3663200221,94.3663200221,94.3663200221
3.544044175,3.544044175,3.544044175,3.544044175,96.2493517429,96.2493517429,96.2493517429,96.2493517429,96.2493517429,96.2493517429,96.2493517429,96.2493517429,96.2493517429,96.2493517429,96.2493517429,96.2493517429,96.2493517429,96.2493517429,96.2493517429,96.2493517429
5.1941559912,5.1941559912,5.1941559912,5.1941559912,94.9201493962,94.9201493962,94.9201493962,94.9201493962,94.9201493962,94.9201493962,94.9201493962,94.9201493962,94.9201493962,94.9201493962,94.9201493962,94.9201493962,94.9201493962,94.9201493962,94.9201493962,94.9201493962
4.7940934978,4.7940934978,4.7940934978,4.7940934978,94.0147309531,94.0147309531,94.0147309531,94.0147309531,94.0147309531,94.0147309531,94.0147309531,94.0147309531,94.0147309531,94.0147309531,94.0147309531,94.0147309531,94.0147309531,94.0147309531,94.0147309531,94.0147309531
6.0058938872,6.0058938872,6.0058938872,6.0058938872,94.3456908173,94.3456908173,94.3456908173,94.3456908173,94.3456908173,94.3456908173,94.3456908173,94.3456908173,94.3456908173,94.3456908173,94.3456908173,94.3456908173,94.3456908173,94.3456908173,94.3456908173,94.3456908173
6.9042068649,6.9042068649,6.9042068649,6.9042068649,93.0865182611,93.0865182611,93.0865182611,93.0865182611,93.0865182611,93.0865182611,93.0865182611,93.0865182611,93.0865182611,93.0865182611,93.0865182611,93.0865182611,93.0865182611,93.0865182611,93.0865182611,93.0865182611
4.476854498,4.476854498,4.476854498,4.476854498,95.6776648682,95.6776648682,95.6776648682,95.6776648682,95.6776648682,95.6776648682,95.6776648682,95.6776648682,95.6776648682,95.6776648682,95.6776648682,95.6776648682,95.6776648682,95.6776648682,95.6776648682,95.6776648682
4.8777879957,4.8777879957,4.8777879957,4.8777879957,95.0291762657,95.0291762657,95.0291762657,95.0291762657,95.0291762657,95.0291762657,95.0291762657,95.0291762657,95.0291762657,95.0291762657,95.0291762657,95.0291762657,95.0291762657,95.0291762657,95.0291762657,95.0291762657
6.8650713847,6.8650713847,6.8650713847,6.8650713847,92.4030520098,92.4030520098,92.4030520098,92.4030520098,92.4030520098,92.4030520098,92.4030520098,92.4030520098,92.4030520098,92.4030520098,92.4030520098,92.4030520098,92.4030520098,92.4030520098,92.4030520098,92.4030520098
5.6528039642,5.6528039642,5.6528039642,5.6528039642,92.9812093483,92.9812093483,92.9812093483,92.9812093483,92.9812093483,92.9812093483,92.9812093483,92.9812093483,92.9812093483,92.9812093483,92.9812093483,92.9812093483,92.9812093483,92.9812093483,92.9812093483,92.9812093483
6.5598094003,7.5598094003,11.5598094003,16.5598094003,94.043770991,93.043770991,89.043770991,84.043770991,95.043770991,94.043770991,90.043770991,85.043770991,99.043770991,98.043770991,94.043770991,89.043770991,104.043770991,103.043770991,99.043770991,94.043770991
5.3679366786,6.3679366786,10.3679366786,15.3679366786,94.0716390998,93.0716390998,89.0716390998,84.0716390998,95.0716390998,94.0716390998,90.0716390998,85.0716390998,99.0716390998,98.0716390998,94.0716390998,89.0716390998,104.0716390998,103.0716390998,99.0716390998,94.0716390998
4.8445427931,4.8445427931,4.8445427931,4.8445427931,94.8236968667,94.8236968667,94.8236968667,94.8236968667,94.8236968667,94.8236968667,94.8236968667,94.8236968667,94.8236968667,94.8236968667,94.8236968667,94.8236968667,94.8236968667,94.8236968667,94.8236968667,94.8236968667
5.0756219192,5.0756219192,5.0756219192,5.0756219192,94.9611303813,94.9611303813,94.9611303813,94.9611303813,94.9611303813,94.9611303813,94.9611303813,94.9611303813,94.9611303813,94.9611303813,94.9611303813,94.9611303813,94.9611303813,94.9611303813,94.9611303813,94.9611303813
5.4707698488,5.4707698488,5.4707698488,5.4707698488,94.7820258664,94.7820258664,94.7820258664,94.7820258664,94.7820258664,94.7820258664,94.7820258664,94.7820258664,94.7820258664,94.7820258664,94.7820258664,94.7820258664,94.7820258664,94.7820258664,94.7820258664,94.7820258664
3.6653712536,3.6653712536,3.6653712536,3.6653712536,95.5151886794,95.5151886794,95.5151886794,95.5151886794,95.5151886794,95.5151886794,95.5151886794,95.5151886794,95.5151886794,95.5151886794,95.5151886794,95.5151886794,95.5151886794,95.5151886794,95.5151886794,95.5151886794
4.29866065,4.29866065,4.29866065,4.29866065,95.9047976976,95.9047976976,95.9047976976,95.9047976976,95.9047976976,95.9047976976,95.9047976976,95.9047976976,95.9047976976,95.9047976976,95.9047976976,95.9047976976,95.9047976976,95.9047976976,95.9047976976,95.9047976976
4.5892314842,4.5892314842,4.5892314842,4.5892314842,96.0302041799,96.0302041799,96.0302041799,96.0302041799,96.0302041799,96.0302041799,96.0302041799,96.0302041799,96.0302041799,96.0302041799,96.0302041799,96.0302041799,96.0302041799,96.0302041799,96.0302041799,96.0302041799
3.9815114343,3.9815114343,3.9815114343,3.9815114343,94.8048923869,94.8048923869,94.8048923869,94.8048923869,94.8048923869,94.8048923869,94.8048923869,94.8048923869,94.8048923869,94.8048923869,94.8048923869,94.8048923869,94.8048923869,94.8048923869,94.8048923869,94.8048923869
3.3845900157,3.3845900157,3.3845900157,3.3845900157,96.162335437,96.162335437,96.162335437,96.162335437,96.162335437,96.162335437,96.162335437,96.162335437,96.162335437,96.162335437,96.162335437,96.162335437,96.162335437,96.162335437,96.162335437,96.162335437
5.156840467,5.156840467,5.156840467,5.156840467,94.5335819602,94.5335819602,94.5335819602,94.5335819602,94.5335819602,94.5335819602,94.5335819602,94.5335819602,94.5335819602,94.5335819602,94.5335819602,94.5335819602,94.5335819602,94.5335819602,94.5335819602,94.5335819602
4.9597547879,4.9597547879,4.9597547879,4.9597547879,94.9563665403,94.9563665403,94.9563665403,94.9563665403,94.9563665403,94.9563665403,94.9563665403,94.9563665403,94.9563665403,94.9563665403,94.9563665403,94.9563665403,94.9563665403,94.9563665403,94.9563665403,94.9563665403
2.8374671364,2.8374671364,2.8374671364,2.8374671364,96.7237603262,96.7237603262,96.7237603262,96.7237603262,96.7237603262,96.7237603262,96.7237603262,96.7237603262,96.7237603262,96.7237603262,96.7237603262,96.7237603262,96.7237603262,96.7237603262,96.7237603262,96.7237603262
6.0093419233,6.0093419233,6.0093419233,6.0093419233,93.8533860708,93.8533860708,93.8533860708,93.8533860708,93.8533860708,93.8533860708,93.8533860708,93.8533860708,93.8533860708,93.8533860708,93.8533860708,93.8533860708,93.8533860708,93.8533860708,93.8533860708,93.8533860708
5.0942860331,5.0942860331,5.0942860331,5.0942860331,95.4085254155,95.4085254155,95.4085254155,95.4085254155,95.4085254155,95.4085254155,95.4085254155,95.4085254155,95.4085254155,95.4085254155,95.4085254155,95.4085254155,95.4085254155,95.4085254155,95.4085254155,95.4085254155
3.962362738,3.962362738,3.962362738,3.962362738,96.3765169399,96.3765169399,96.3765169399,96.3765169399,96.3765169399,96.3765169399,96.3765169399,96.3765169399,96.3765169399,96.3765169399,96.3765169399,96.3765169399,96.3765169399,96.3765169399,96.3765169399,96.3765169399
6.9925753766,6.9925753766,6.9925753766,6.9925753766,94.2110530698,94.2110530698,94.2110530698,94.2110530698,94.2110530698,94.2110530698,94.2110530698,94.2110530698,94.2110530698,94.2110530698,94.2110530698,94.2110530698,94.2110530698,94.2110530698,94.2110530698,94.2110530698
4.4463739599,5.4463739599,9.4463739599,14.4463739599,95.8475094354,94.8475094354,90.8475094354,85.8475094354,96.8475094354,95.8475094354,91.8475094354,86.8475094354,100.8475094354,99.8475094354,95.8475094354,90.8475094354,105.8475094354,104.8475094354,100.8475094354,95.8475094354
4.0881567828,4.0881567828,4.0881567828,4.0881567828,95.5363957832,95.5363957832,95.5363957832,95.5363957832,95.5363957832,95.5363957832,95.5363957832,95.5363957832,95.5363957832,95.5363957832,95.5363957832,95.5363957832,95.5363957832,95.5363957832,95.5363957832,95.5363957832
3.1561000453,4.1561000453,8.1561000453,13.1561000453,95.9394176334,94.9394176334,90.9394176334,85.9394176334,96.9394176334,95.9394176334,91.9394176334,86.9394176334,100.9394176334,99.9394176334,95.9394176334,90.9394176334,105.9394176334,104.9394176334,100.9394176334,95.9394176334
4.1396618044,4.1396618044,4.1396618044,4.1396618044,95.650429625,95.650429625,95.650429625,95.650429625,95.650429625,95.650429625,95.650429625,95.650429625,95.650429625,95.650429625,95.650429625,95.650429625,95.650429625,95.650429625,95.650429625,95.650429625
5.9790795469,5.9790795469,5.9790795469,5.9790795469,95.1146408767,95.1146408767,95.1146408767,95.1146408767,95.1146408767,95.1146408767,95.1146408767,95.1146408767,95.1146408767,95.1146408767,95.1146408767,95.1146408767,95.1146408767,95.1146408767,95.1146408767,95.1146408767
7.3718209064,8.3718209064,12.3718209064,17.3718209064,92.9161437836,91.9161437836,87.9161437836,82.9161437836,93.9161437836,92.9161437836,88.9161437836,83.9161437836,97.9161437836,96.9161437836,92.9161437836,87.9161437836,102.9161437836,101.9161437836,97.9161437836,92.9161437836
3.8064609091,3.8064609091,3.8064609091,3.8064609091,96.157742216,96.157742216,96.157742216,96.157742216,96.157742216,96.157742216,96.157742216,96.157742216,96.157742216,96.157742216,96.157742216,96.157742216,96.157742216,96.157742216,96.157742216,96.157742216
6.5397225815,6.5397225815,6.5397225815,6.5397225815,93.1024872496,93.1024872496,93.1024872496,93.1024872496,93.1024872496,93.1024872496,93.1024872496,93.1024872496,93.1024872496,93.1024872496,93.1024872496,93.1024872496,93.1024872496,93.1024872496,93.1024872496,93.1024872496
4.6747790667,4.6747790667,4.6747790667,4.6747790667,94.2259194947,94.2259194947,94.2259194947,94.2259194947,94.2259194947,94.2259194947,94.2259194947,94.2259194947,94.2259194947,94.2259194947,94.2259194947,94.2259194947,94.2259194947,94.2259194947,94.2259194947,94.2259194947
4.9504651203,4.9504651203,4.9504651203,4.9504651203,95.2904700702,95.2904700702,95.2904700702,95.2904700702,95.2904700702,95.2904700702,95.2904700702,95.2904700702,95.2904700702,95.2904700702,95.2904700702,95.2904700702,95.2904700702,95.2904700702,95.2904700702,95.2904700702
5.2983557732,5.2983557732,5.2983557732,5.2983557732,94.9973749399,94.9973749399,94.9973749399,94.9973749399,94.9973749399,94.9973749399,94.9973749399,94.9973749399,94.9973749399,94.9973749399,94.9973749399,94.9973749399,94.9973749399,94.9973749399,94.9973749399,94.9973749399
